                                                       Mode
        1       2       3           4       5           6       7       8       9         10        11      12      13        14        15      16      17        18       19    
Auto 01000000 00000100 00000111 00100000 00000000 0001 0000 00000111 00000001 11110101 00000000 00000000 01110000 00000111 00000000 00000000 10000001 00000000 00000000 00110001
Cool 01000000 00000100 00000111 00100000 00000000 0001 1100 01101100 00000001 11110101 00000000 00000000 01110000 00000111 00000000 00000000 10000001 00000000 00000000 01001000
Heat 01000000 00000100 00000111 00100000 00000000 0001 0010 00110100 00000001 11110101 00000000 00000000 01110000 00000111 00000000 00000000 10000001 00000000 00000000 00011000
Dry  01000000 00000100 00000111 00100000 00000000 0001 0100 00101100 00000001 11110101 00000000 00000000 01110000 00000111 00000000 00000000 10000001 00000000 00000000 00000000
     
                                                              Temp
     01000000 00000100 00000111 00100000 00000000 0001 0010 00000100 00000001 11110101 00000000 00000000 01110000 00000111 00000000 00000000 10000001 00000000 00000000 00110000
     01000000 00000100 00000111 00100000 00000000 0001 0010 01000100 00000001 11110101 00000000 00000000 01110000 00000111 00000000 00000000 10000001 00000000 00000000 01110000
     01000000 00000100 00000111 00100000 00000000 0001 0010 00100100 00000001 11110101 00000000 00000000 01110000 00000111 00000000 00000000 10000001 00000000 00000000 00001000
     01000000 00000100 00000111 00100000 00000000 0001 0010 01100100 00000001 11110101 00000000 00000000 01110000 00000111 00000000 00000000 10000001 00000000 00000000 01001000
     01000000 00000100 00000111 00100000 00000000 0001 0010 00010100 00000001 11110101 00000000 00000000 01110000 00000111 00000000 00000000 10000001 00000000 00000000 00101000
     01000000 00000100 00000111 00100000 00000000 0001 0010 01010100 00000001 11110101 00000000 00000000 01110000 00000111 00000000 00000000 10000001 00000000 00000000 01101000
     01000000 00000100 00000111 00100000 00000000 0001 0010 00110100 00000001 11110101 00000000 00000000 01110000 00000111 00000000 00000000 10000001 00000000 00000000 00011000
     01000000 00000100 00000111 00100000 00000000 0001 0010 01110100 00000001 11110101 00000000 00000000 01110000 00000111 00000000 00000000 10000001 00000000 00000000 01011000
     01000000 00000100 00000111 00100000 00000000 0001 0010 00001100 00000001 11110101 00000000 00000000 01110000 00000111 00000000 00000000 10000001 00000000 00000000 00111000
     01000000 00000100 00000111 00100000 00000000 0001 0010 01001100 00000001 11110101 00000000 00000000 01110000 00000111 00000000 00000000 10000001 00000000 00000000 01111000
     01000000 00000100 00000111 00100000 00000000 0001 0010 00101100 00000001 11110101 00000000 00000000 01110000 00000111 00000000 00000000 10000001 00000000 00000000 00000100
     01000000 00000100 00000111 00100000 00000000 0001 0010 01101100 00000001 11110101 00000000 00000000 01110000 00000111 00000000 00000000 10000001 00000000 00000000 01000100
     01000000 00000100 00000111 00100000 00000000 0001 0010 00011100 00000001 11110101 00000000 00000000 01110000 00000111 00000000 00000000 10000001 00000000 00000000 00100100
     01000000 00000100 00000111 00100000 00000000 0001 0010 01011100 00000001 11110101 00000000 00000000 01110000 00000111 00000000 00000000 10000001 00000000 00000000 01100100
     01000000 00000100 00000111 00100000 00000000 0001 0010 00111100 00000001 11110101 00000000 00000000 01110000 00000111 00000000 00000000 10000001 00000000 00000000 00010100

                                                                                  Fan
Low  01000000 00000100 00000111 00100000 00000000 0001 0010 00111100 00000001 11111100 00000000 00000000 01110000 00000111 00000000 00000000 10000001 00000000 00000000 00011101
Med  01000000 00000100 00000111 00100000 00000000 0001 0010 00111100 00000001 11111010 00000000 00000000 01110000 00000111 00000000 00000000 10000001 00000000 00000000 00011011
High 01000000 00000100 00000111 00100000 00000000 0001 0010 00111100 00000001 11111110 00000000 00000000 01110000 00000111 00000000 00000000 10000001 00000000 00000000 00011111
Auto 01000000 00000100 00000111 00100000 00000000 0001 0010 00111100 00000001 11110101 00000000 00000000 01110000 00000111 00000000 00000000 10000001 00000000 00000000 00010100

                                                                              Swing
Low  01000000 00000100 00000111 00100000 00000000 0001 0010 00111100 00000001 10000101 00000000 00000000 01110000 00000111 00000000 00000000 10000001 00000000 00000000 01011000
Med  01000000 00000100 00000111 00100000 00000000 0001 0010 00111100 00000001 01000101 00000000 00000000 01110000 00000111 00000000 00000000 10000001 00000000 00000000 11011000
High 01000000 00000100 00000111 00100000 00000000 0001 0010 00111100 00000001 11000101 00000000 00000000 01110000 00000111 00000000 00000000 10000001 00000000 00000000 00111000
Max  01000000 00000100 00000111 00100000 00000000 0001 0010 00111100 00000001 00100101 00000000 00000000 01110000 00000111 00000000 00000000 10000001 00000000 00000000 10111000
Umax 01000000 00000100 00000111 00100000 00000000 0001 0010 00111100 00000001 10100101 00000000 00000000 01110000 00000111 00000000 00000000 10000001 00000000 00000000 01111000
Auto 01000000 00000100 00000111 00100000 00000000 0001 0010 00111100 00000001 11110101 00000000 00000000 01110000 00000111 00000000 00000000 10000001 00000000 00000000 00010100

Power
OFF  01000000 00000100 00000111 00100000 00000000 1001 0010 00111100 00000001 11110101 00000000 00000000 01110000 00000111 00000000 00000000 10000001 00000000 00000000 10010100
ON   01000000 00000100 00000111 00100000 00000000 0001 0010 00111100 00000001 11110101 00000000 00000000 01110000 00000111 00000000 00000000 10000001 00000000 00000000 00010100




Mode:
Auto: 0000
Heat: 0010
Cool: 1100
Dry: 0100

Temp
00000100
01000100
00100100
01100100
00010100
01010100
00110100
01110100
00001100
01001100
00101100
01101100
00011100
01011100
00111100

Fan
Low: 1100
Med: 1010
High: 1110
Auto: 0101

Swing
Low: 1000
Med: 0100
High: 1100
Max: 0010
Umax: 1010
Auto: 1111

Power:
OFF: 1001
ON: 0001